37241
58862
48611
24290
54207
45582
9031
51312
58339
7714
40310
65125
53537
3633
14067
18699
51332
42473
7896
41848
30773
5973
19558
49293
53106
21262
26206
65007
36304
33813
24171
21797
13943
3674
45788
41579
16394
3716
36170
18510
19769
49062
27264
11551
65031
22749
49779
52690
29581
54579
23919
3934
63677
7236
61782
7740
51208
24010
1463
63937
34917
24076
27514
53390
41439
26943
13135
35558
52070
43100
39244
24950
24253
26469
57912
10498
54478
19281
27724
45126
57893
35208
61461
45776
43463
31708
2689
9320
24942
48888
1446
676
7815
48634
34398
8230
48269
49475
20493
5260
23726
26644
61828
24553
45352
51489
38110
65252
32288
13729
48138
59212
43686
61753
49974
53949
12462
53064
7479
10170
53061
47
25467
59382
51259
59182
13773
7765
12123
20413
11901
3824
32294
2091
46948
16750
43346
51891
41992
41008
56858
32523
8040
14293
10759
34848
45106
26735
35234
54558
65466
32433
28301
24086
19946
64975
36108
11181
25091
21688
20888
58026
40096
8516
31118
26675
3655
31734
64498
46650
3577
28009
22952
35153
24635
42361
1230
40471
10221
47697
24124
44273
25190
42120
44000
60179
54994
19454
54238
18440
6440
55627
56451
58266
29213
6043
35136
53475
17176
40190
38483
27983
26079
10667
20700
42244
22361
56347
44304
65122
59989
32175
45342
17379
13791
29973
36523
62206
21000
26123
10183
4135
53438
25730
58308
49060
15947
63789
40523
43308
4350
16877
27666
7482
31013
55086
52810
38618
23690
4750
28010
14375
19181
378
24200
29237
28217
427
26984
8151
57630
27709
29168
60706
41994
8309
37609
12377
49979
26516
15240
7238
33540
59773
43476
62491
25019
64709
60258
11776
62315
58930
30967
2016
33366
57864
61940
18908
41763
32513
11993
57201
44082
46488
10343
44046
3964
45304
12252
58806
48578
50962
58809
12486
62150
7702
52487
22311
34142
54373
27081
27497
13660
44954
32846
25032
36059
50648
20658
5649
3343
52235
60480
35371
18356
41696
61951
7635
43294
62661
57950
4373
31363
45010
43169
53422
42007
31029
8337
6610
484
58019
437
47652
30822
53293
19323
40275
5627
41809
47486
35811
24413
4581
59548
51868
50995
6813
16165
2042
22006
65431
49285
20766
47097
10282
12572
17022
32176
65483
7830
13828
1670
30520
58691
47275
45868
30919
55546
16796
61679
3975
39198
43979
65414
64688
59616
50762
64803
11801
22463
59010
31866
52563
41008
32442
21890
10204
64575
37707
24276
22434
14121
34124
39464
38531
63703
4918
7630
26972
33197
62169
40506
5629
46072
54330
6470
3446
6447
34649
26541
26470
24066
65201
46064
11814
11653
56073
20325
58459
7019
29131
37375
21946
31755
64271
20134
52233
16495
61198
36821
10649
41435
202
24109
6501
9391
34097
4034
34056
6934
10044
19058
16478
50767
17126
28896
27557
50794
7755
34786
26121
3434
64105
56463
26034
45410
57278
24860
26105
514
26332
6944
14984
18216
5680
20599
15713
44990
21708
52153
26598
47299
14956
30041
17063
50187
34667
11898
9974
39677
59356
56631
59003
11403
62554
43883
18979
17268
36100
50992
39342
7387
38911
25546
49455
25485
35132
8362
55626
60428
38105
26279
6943
48453
64789
14428
20656
11128
34888
38142
61418
37651
3869
3245
30651
12729
65450
56498
46599
41316
11001
43358
4399
5612
49371
13591
10804
1366
52479
49095
29677
49294
10601
45814
6702
29118
49353
1097
38841
18579
16401
7468
5413
30892
21870
58018
29835
19606
13394
42591
16151
31975
61016
51773
25012
22833
61484
54107
18048
5144
33761
43720
51279
46810
4194
8480
17893
16293
6965
14485
43729
10986
4031
45227
11579
59250
63771
14222
14757
20629
45639
6648
10546
28417
22443
23248
60196
12290
50521
35559
24799
4782
45839
15916
21360
41671
6670
33248
19528
63482
21966
40483
18139
59000
14202
51055
55511
33070
43341
14870
43005
30485
41617
50487
35515
33214
62336
48075
41117
60531
49604
64498
52384
26161
38638
38524
60171
7938
21170
9561
43375
16260
40583
3850
16270
18816
8307
33322
15834
59208
23298
34317
61445
13944
10581
61362
18938
7917
7068
43998
14832
51626
43805
41857
27967
41459
39053
32218
56665
24234
40220
55102
49517
40968
31108
52070
5493
34659
63407
16818
47998
63805
32505
34948
9711
44610
51438
62853
29571
58329
14635
25345
20005
316
32436
8533
46844
22650
58392
59016
6610
54252
65081
14337
37679
48772
62406
64284
46326
22653
6621
15211
22390
55319
6310
45265
7916
10286
46589
16129
27029
55810
2035
6843
55039
38277
30157
47825
43143
61815
8266
29298
58098
11161
6560
62201
33886
13932
5859
56489
56913
3842
53288
35506
25620
12013
13862
61083
6000
11850
40057
21838
27770
38107
23174
33645
40314
20737
39660
39653
15771
1220
50909
34748
35064
7619
24365
20877
50750
39390
7606
8422
46754
8400
56839
16199
57190
16474
18733
64738
41589
46611
21956
37915
64492
46208
57202
42655
3923
31403
28720
20220
55971
47705
40446
29254
44455
37718
27020
43869
54169
5858
59919
62425
483
42575
24591
59574
2910
14581
57597
64011
25019
57482
4026
63560
37241
19824
26487
46661
64899
48977
9883
223
12638
44875
53949
4666
37133
41138
3534
13169
34709
16799
15207
12921
34287
20044
31688
7875
48877
18125
17747
52455
1804
53076
25796
35723
13277
46410
11445
18701
50118
53232
58989
60837
7803
57283
13441
38805
59200
54598
39932
41563
19873
33689
9877
19835
5763
18127
24700
34513
61483
62948
29276
54977
7802
3792
58606
60702
25453
13445
39651
33702
22811
13585
43120
39322
65
5626
4475
51889
46882
24614
53413
15719
59983
45033
20088
22812
51776
39668
6410
54864
63350
20903
62887
29285
8616
5426
36851
30570
57204
7467
6265
44812
51527
55071
8268
16681
1582
24112
13331
25039
49699
35245
63348
47812
23866
15479
23985
51691
55471
34251
44729
21026
2965
19305
11285
49195
21509
22172
49232
33455
50327
50833
20715
48082
38741
48066
14298
1737
63898
65449
33120
58272
62723
526
48832
33453
23529
41012
16722
24208
41280
14894
7431
19209
30424
58845
24781
16130
59410
28220
1882
17579
33843
60946
32724
12907
35099
30781
39796
24033
65369
31397
47255
38610
24981
34036
15392
52625
58797
22102
42124
46747
23374
40858
38527
5905
1343
42383
19756
45686
60835
56415
31310
52554
13510
